% Total system power delivery (Mwh)vs.time of day 
% for March 26,2019.
% C1_Graph7
global TOD;

data = [24	-1.50625
23.98333333	-1.50735
23.96666667	-1.515733333
23.95	-1.508033333
23.93333333	-1.5099
23.91666667	-1.552083333
23.9	-1.555183333
23.88333333	-1.5475
23.86666667	-1.5519
23.85	-1.549766667
23.83333333	-1.549933333
23.81666667	-1.554333333
23.8	-1.55555
23.78333333	-1.55405
23.76666667	-1.550833333
23.75	-1.549183333
23.73333333	-1.54465
23.71666667	-1.5439
23.7	-1.550033333
23.68333333	-1.5495
23.66666667	-1.550233333
23.65	-1.5471
23.63333333	-1.553883333
23.61666667	-1.57655
23.6	-1.5732
23.58333333	-1.5744
23.56666667	-1.579016667
23.55	-1.5669
23.53333333	-1.565633333
23.51666667	-1.563983333
23.5	-1.5629
23.48333333	-1.565233333
23.46666667	-1.567133333
23.45	-1.559
23.43333333	-1.563666667
23.41666667	-1.564166667
23.4	-1.569316667
23.38333333	-1.570966667
23.36666667	-1.576266667
23.35	-1.573866667
23.33333333	-1.578083333
23.31666667	-1.572083333
23.3	-1.574783333
23.28333333	-1.562933333
23.26666667	-1.567166667
23.25	-1.572883333
23.23333333	-1.570916667
23.21666667	-1.56865
23.2	-1.56685
23.18333333	-1.56085
23.16666667	-1.563133333
23.15	-1.565216667
23.13333333	-1.56955
23.11666667	-1.5702
23.1	-1.5633
23.08333333	-1.563033333
23.06666667	-1.558783333
23.05	-1.559083333
23.03333333	-1.566816667
23.01666667	-1.558083333
23	-1.551333333
22.98333333	-1.561466667
22.96666667	-1.555866667
22.95	-1.5556
22.93333333	-1.554233333
22.91666667	-1.5523
22.9	-1.5489
22.88333333	-1.55075
22.86666667	-1.547733333
22.85	-1.54825
22.83333333	-1.550016667
22.81666667	-1.550116667
22.8	-1.556183333
22.78333333	-1.556266667
22.76666667	-1.551133333
22.75	-1.5548
22.73333333	-1.549233333
22.71666667	-1.5492
22.7	-1.5473
22.68333333	-1.55135
22.66666667	-1.54745
22.65	-1.551516667
22.63333333	-1.556966667
22.61666667	-1.5549
22.6	-1.547616667
22.58333333	-1.546666667
22.56666667	-1.542233333
22.55	-1.537333333
22.53333333	-1.5446
22.51666667	-1.541433333
22.5	-1.537166667
22.48333333	-1.5331
22.46666667	-1.53565
22.45	-1.541466667
22.43333333	-1.537316667
22.41666667	-1.5476
22.4	-1.543533333
22.38333333	-1.538583333
22.36666667	-1.54405
22.35	-1.545416667
22.33333333	-1.547483333
22.31666667	-1.542066667
22.3	-1.543033333
22.28333333	-1.54505
22.26666667	-1.54285
22.25	-1.539533333
22.23333333	-1.542883333
22.21666667	-1.538933333
22.2	-1.540833333
22.18333333	-1.536083333
22.16666667	-1.533033333
22.15	-1.537266667
22.13333333	-1.54145
22.11666667	-1.55055
22.1	-1.548683333
22.08333333	-1.557616667
22.06666667	-1.55345
22.05	-1.548116667
22.03333333	-1.552133333
22.01666667	-1.554983333
22	-1.557916667
21.98333333	-1.553433333
21.96666667	-1.555333333
21.95	-1.556533333
21.93333333	-1.5591
21.91666667	-1.556716667
21.9	-1.559716667
21.88333333	-1.548316667
21.86666667	-1.5519
21.85	-1.549683333
21.83333333	-1.550066667
21.81666667	-1.5558
21.8	-1.560766667
21.78333333	-1.55575
21.76666667	-1.560066667
21.75	-1.5595
21.73333333	-1.5582
21.71666667	-1.56075
21.7	-1.55865
21.68333333	-1.554766667
21.66666667	-1.553266667
21.65	-1.552883333
21.63333333	-1.557566667
21.61666667	-1.55935
21.6	-1.554216667
21.58333333	-1.551183333
21.56666667	-1.553216667
21.55	-1.551033333
21.53333333	-1.551183333
21.51666667	-1.557533333
21.5	-1.5509
21.48333333	-1.554916667
21.46666667	-1.552883333
21.45	-1.552266667
21.43333333	-1.553383333
21.41666667	-1.5529
21.4	-1.5519
21.38333333	-1.556633333
21.36666667	-1.55825
21.35	-1.55105
21.33333333	-1.547516667
21.31666667	-1.5437
21.3	-1.54415
21.28333333	-1.542183333
21.26666667	-1.546333333
21.25	-1.55645
21.23333333	-1.551666667
21.21666667	-1.55145
21.2	-1.537616667
21.18333333	-1.535966667
21.16666667	-1.54545
21.15	-1.542316667
21.13333333	-1.543183333
21.11666667	-1.5494
21.1	-1.55495
21.08333333	-1.551
21.06666667	-1.549766667
21.05	-1.5378
21.03333333	-1.538733333
21.01666667	-1.54355
21	-1.54435
20.98333333	-1.543416667
20.96666667	-1.546166667
20.95	-1.549283333
20.93333333	-1.552933333
20.91666667	-1.546383333
20.9	-1.545266667
20.88333333	-1.544133333
20.86666667	-1.5457
20.85	-1.546833333
20.83333333	-1.548433333
20.81666667	-1.54675
20.8	-1.544316667
20.78333333	-1.541283333
20.76666667	-1.5446
20.75	-1.53315
20.73333333	-1.53885
20.71666667	-1.544883333
20.7	-1.540416667
20.68333333	-1.547483333
20.66666667	-1.5532
20.65	-1.5512
20.63333333	-1.55305
20.61666667	-1.546383333
20.6	-1.537283333
20.58333333	-1.531933333
20.56666667	-1.534733333
20.55	-1.53655
20.53333333	-1.536116667
20.51666667	-1.541283333
20.5	-1.538066667
20.48333333	-1.5327
20.46666667	-1.532766667
20.45	-1.531783333
20.43333333	-1.529383333
20.41666667	-1.52705
20.4	-1.530233333
20.38333333	-1.5346
20.36666667	-1.5354
20.35	-1.524383333
20.33333333	-1.52555
20.31666667	-1.5264
20.3	-1.520333333
20.28333333	-1.5209
20.26666667	-1.526383333
20.25	-1.528933333
20.23333333	-1.527616667
20.21666667	-1.52965
20.2	-1.527166667
20.18333333	-1.524483333
20.16666667	-1.524166667
20.15	-1.522233333
20.13333333	-1.525183333
20.11666667	-1.521833333
20.1	-1.527816667
20.08333333	-1.525466667
20.06666667	-1.5302
20.05	-1.53915
20.03333333	-1.542416667
20.01666667	-1.533716667
20	-1.536966667
19.98333333	-1.532
19.96666667	-1.53125
19.95	-1.536333333
19.93333333	-1.527916667
19.91666667	-1.530866667
19.9	-1.528733333
19.88333333	-1.532716667
19.86666667	-1.53825
19.85	-1.53465
19.83333333	-1.514066667
19.81666667	-1.491083333
19.8	-1.449933333
19.78333333	-1.373483333
19.76666667	-1.2831
19.75	-1.1912
19.73333333	-1.119133333
19.71666667	-1.022466667
19.7	-0.831316667
19.68333333	-0.630566667
19.66666667	-0.458533333
19.65	-0.23205
19.63333333	0.102466667
19.61666667	0.902366667
19.6	2.1317
19.58333333	3.36115
19.56666667	4.59915
19.55	5.461633333
19.53333333	6.2931
19.51666667	7.100416667
19.5	7.933833333
19.48333333	8.569016667
19.46666667	8.800316667
19.45	8.220216667
19.43333333	7.120033333
19.41666667	8.9129
19.4	9.626266667
19.38333333	7.094133333
19.36666667	9.647683333
19.35	7.097966667
19.33333333	7.11605
19.31666667	7.11225
19.3	8.28555
19.28333333	11.674
19.26666667	13.99263333
19.25	19.883
19.23333333	21.31013333
19.21666667	21.64255
19.2	22.09525
19.18333333	23.01505
19.16666667	24.09381667
19.15	25.52825
19.13333333	26.13146667
19.11666667	26.21503333
19.1	23.18345
19.08333333	24.08933333
19.06666667	24.64765
19.05	24.17
19.03333333	26.15396667
19.01666667	27.97391667
19	32.65673333
18.98333333	33.76643333
18.96666667	34.58871667
18.95	35.39215
18.93333333	36.34713333
18.91666667	37.22118333
18.9	38.02881667
18.88333333	38.91068333
18.86666667	39.7728
18.85	39.04463333
18.83333333	40.35676667
18.81666667	41.85928333
18.8	42.46858333
18.78333333	42.04816667
18.76666667	37.18671667
18.75	35.26936667
18.73333333	39.21203333
18.71666667	41.64435
18.7	42.9166
18.68333333	43.88973333
18.66666667	45.56926667
18.65	45.88108333
18.63333333	47.63371667
18.61666667	49.65363333
18.6	50.69123333
18.58333333	51.7289
18.56666667	52.38918333
18.55	52.61841667
18.53333333	54.07288333
18.51666667	54.9007
18.5	55.36555
18.48333333	56.0108
18.46666667	56.73771667
18.45	57.54086667
18.43333333	56.23428333
18.41666667	55.63898333
18.4	52.18626667
18.38333333	52.24278333
18.36666667	54.71416667
18.35	60.28923333
18.33333333	62.04631667
18.31666667	63.47265
18.3	63.9444
18.28333333	63.08156667
18.26666667	62.83071667
18.25	64.57913333
18.23333333	65.44303333
18.21666667	65.73283333
18.2	67.22575
18.18333333	68.23045
18.16666667	68.70546667
18.15	67.86771667
18.13333333	69.82476667
18.11666667	70.49916667
18.1	71.00231667
18.08333333	71.67468333
18.06666667	72.4324
18.05	73.07285
18.03333333	73.78465
18.01666667	74.33736667
18	74.87773333
17.98333333	75.58868333
17.96666667	76.2702
17.95	76.22333333
17.93333333	77.17236667
17.91666667	78.08668333
17.9	78.39363333
17.88333333	78.68765
17.86666667	78.36766667
17.85	79.12138333
17.83333333	79.83796667
17.81666667	80.43565
17.8	80.57151667
17.78333333	80.58466667
17.76666667	80.7101
17.75	81.95318333
